0
52
55
71
57
47
45
57
45
75
60
50
54
65
67
55
56
68
49
60
61
61
49
45
57
57
65
53
49
49
50
71
72
48
59
60
54
60
51
57
51
56
53
59
58
61
58
54
52
69
62
65
49
52
61
47
60
62
52
58
59
57
57
61
47
50
51
51
67
65
64
54
55
50
52
56
68
63
69
52
63
64
58
50
52
67
65
63
71
61
60
56
54
52
54
53
54
53
55
67
53
60
55
54
57
51
62
57
65
48
55
68
65
68
53
62
60
62
46
66
62
77
62
62
69
60
90
67
72
95
52
69
97
74
73
83
77
68
92
71
64
82
65
65
70
55
67
64
90
84
68
80
78
54
80
66
78
68
73
83
55
94
55
58
78
59
48
70
55
49
67
85
47
55
61
63
76
61
54
83
60
59
61
64
55
50
65
52
78
59
59
52
61
64
72
65
82
53
61
60
54
71
92
78
61
77
92
69
78
80
56
65
74
59
67
79
76
63
74
76
69
56
71
61
75
79
65
77
90
70
81
71
69
71
68
66
70
58
65
67
69
71
67
52
75
75
61
64
82
82
67
129
71
80
141
60
57
163
94
72
212
115
70
183
129
72
137
208
84
217
286
118
253
259
191
279
315
261
279
369
557
405
403
676
547
413
753
690
488
796
713
536
737
832
682
935
1176
876
1069
1294
1019
1233
1878
1106
1279
1614
1191
1343
1555
1214
1349
1296
1691
1314
1557
1917
1532
1837
1874
1910
1981
1996
2100
1958
1850
2013
2025
1786
2011
1968
1805
1880
1737
1937
1706
1151
1463
1556
954
1131
1412
797
581
943
541
236
638
567
142
446
365
58
241
235
65
105
183
52
89
107
76
64
88
60
54
63
43
59
70
49
68
59
50
56
51
58
62
55
68
65
68
53
59
45
67
66
55
66
61
64
51
54
63
60
54
49
60
46
63
66
69
77
51
65
80
47
56
42
61
56
49
66
45
52
53
61
70
57
54
54
67
61
59
62
68
67
54
59
53
56
74
56
60
45
60
55
46
64
45
73
45
65
60
52
53
65
66
58
63
65
61
55
63
55
51
54
58
67
68
49
57
55
55
53
67
65
46
48
55
62
57
50
65
60
61
64
53
74
56
53
61
59
47
57
54
60
53
56
65
57
49
47
68
59
56
71
70
62
64
50
58
66
51
65
47
66
74
42
58
61
69
72
59
56
51
64
61
62
43
53
68
48
74
63
57
58
63
59
59
59
53
50
56
67
55
55
55
54
48
65
53
51
66
44
49
71
47
51
78
55
54
54
65
65
49
41
66
64
57
55
53
56
44
53
59
53
56
53
67
59
50
66
58
68
55
56
51
63
53
50
70
59
59
58
64
59
70
60
67
66
68
54
76
68
63
63
57
73
65
56
54
51
50
59
84
41
54
50
57
66
62
62
39
67
52
59
59
42
68
58
63
44
57
59
55
59
56
58
54
55
42
53
54
59
57
46
56
59
55
48
44
63
43
47
54
48
54
44
44
44
40
50
47
58
53
49
50
57
41
51
44
53
49
55
66
62
32
54
40
38
56
46
46
41
63
70
51
42
46
58
37
45
44
49
59
55
49
45
61
46
53
43
49
56
45
48
47
54
61
62
57
49
42
54
48
65
70
46
55
51
55
45
48
68
43
55
55
46
50
50
70
56
61
60
58
46
50
71
52
50
51
58
42
60
44
60
51
53
59
75
53
61
45
44
54
54
48
59
53
55
62
44
63
52
67
57
48
46
58
47
67
58
38
64
41
55
67
54
64
65
63
59
48
56
59
58
60
59
52
56
43
53
64
44
56
59
61
49
55
65
49
45
64
60
48
53
54
51
56
57
44
52
36
58
62
60
34
55
49
57
56
53
58
44
60
56
54
61
51
54
51
50
61
57
49
44
61
56
46
41
36
62
52
43
50
58
52
62
54
44
58
65
48
58
52
57
54
33
49
62
54
51
54
49
61
52
62
53
50
44
59
61
55
59
59
58
52
57
53
52
61
42
59
47
47
59
61
51
54
41
51
48
56
51
62
63
62
56
55
59
53
54
52
60
56
49
46
63
56
51
65
54
52
41
68
59
57
62
47
58
52
54
55
57
54
60
61
52
61
51
57
49
65
68
62
63
65
58
67
51
65
57
60
60
65
63
56
66
58
57
59
53
63
74
51
60
64
55
55
57
53
67
44
66
55
60
65
61
61
54
40
56
64
59
50
61
58
52
59
67
48
49
63
58
68
65
58
56
67
60
53
48
57
67
49
50
61
64
59
53
63
68
62
76
74
61
86
72
62
75
74
79
82
77
75
87
116
87
80
137
76
83
129
73
101
124
107
122
108
123
129
170
106
142
172
142
135
138
153
128
119
146
117
84
99
93
74
63
134
88
69
146
59
57
122
48
50
90
66
58
69
64
82
46
56
62
77
75
70
82
47
67
58
77
69
62
76
68
58
75
73
69
81
84
78
66
98
93
77
92
93
74
89
121
78
115
128
93
123
135
144
136
172
139
126
203
207
158
231
245
155
250
240
201
306
244
219
349
335
254
351
330
326
362
447
316
406
462
404
417
449
480
482
434
534
516
477
647
485
402
474
452
370
431
507
294
503
455
340
392
346
372
354
353
382
334
319
311
306
293
327
309
237
198
307
240
194
249
205
131
295
169
112
228
133
74
189
107
71
178
125
95
112
91
70
97
88
44
95
79
56
86
93
85
68
72
57
59
84
63
46
53
51
55
58
60
46
44
64
69
55
49
65
43
54
42
67
70
63
52
56
58
71
55
71
53
47
46
58
48
66
55
56
66
58
55
55
47
73
48
58
47
54
59
51
45
37
53
50
53
47
55
62
41
48
47
60
52
49
42
54
44
58
39
57
49
48
51
54
52
57
47
48
46
51
58
60
58
49
47
65
55
54
49
65
53
58
53
42
54
60
56
66
54
52
55
53
64
57
51
59
48
53
55
61
56
58
48
69
54
49
69
53
50
63
54
67
62
60
53
46
55
61
55
51
47
60
56
52
52
68
66
58
75
48
63
53
55
55
63
67
49
73
55
56
48
77
62
64
61
57
57
63
70
57
70
84
65
71
87
74
79
76
59
68
85
83
77
72
90
65
72
74
86
81
85
90
100
77
87
92
97
102
100
93
102
100
95
78
95
91
84
90
94
115
111
116
128
124
119
103
118
110
118
121
109
126
113
90
102
89
81
84
94
77
86
102
85
78
91
88
83
95
71
103
98
105
104
90
112
116
108
127
108
117
107
95
104
111
79
94
93
100
104
101
73
101
100
84
82
83
71
81
76
84
84
71
80
93
73
76
75
63
77
87
76
77
70
99
85
71
76
77
69
69
73
60
84
59
76
63
61
61
86
91
70
66
60
73
83
77
72
66
90
83
62
68
68
64
69
67
80
60
52
65
67
71
61
63
65
70
70
72
63
64
62
68
68
54
52
49
67
52
78
68
69
63
85
84
68
81
79
88
93
102
75
95
65
62
75
70
63
83
70
95
78
80
85
79
71
73
81
73
69
69
77
79
71
69
72
58
86
72
61
64
56
64
56
41
61
69
55
53
57
72
73
59
65
65
54
71
71
58
63
71
65
60
84
58
66
96
85
77
99
88
72
119
108
113
109
81
102
106
105
97
134
113
106
112
116
110
133
97
93
81
74
84
120
99
103
78
114
83
96
97
90
98
105
106
102
103
104
115
78
82
100
65
93
99
60
82
67
66
62
78
60
70
68
61
54
54
67
66
74
52
65
54
74
68
77
54
71
59
80
62
62
83
91
72
85
82
97
80
72
69
91
60
82
72
82
79
76
99
78
70
71
73
88
82
80
83
96
78
86
86
75
84
74
84
74
82
84
91
73
84
89
82
86
66
74
80
80
72
76
73
78
65
76
68
79
63
85
66
69
70
77
59
90
77
104
94
71
78
82
80
78
67
102
80
73
86
65
89
72
68
93
89
91
77
74
86
91
79
100
76
84
72
115
96
76
112
80
89
102
70
82
73
74
65
97
57
56
62
68
68
61
71
71
70
63
61
57
70
56
79
63
63
52
65
77
54
79
84
71
64
56
58
70
57
60
74
81
62
69
49
65
74
61
64
58
61
66
69
66
81
64
68
65
48
68
51
61
54
53
72
62
48
61
53
65
69
80
68
58
73
78
70
59
67
68
57
75
66
67
70
71
67
62
68
73
57
77
62
66
79
82
68
73
86
79
87
76
95
93
102
63
82
94
88
103
88
91
111
95
113
100
104
99
76
103
88
112
80
81
93
91
108
106
94
116
107
102
115
116
89
92
90
60
101
77
99
90
76
86
60
59
92
69
69
77
61
70
65
75
69
58
70
54
66
69
77
77
76
70
86
94
71
66
71
91
90
65
79
86
63
85
65
75
63
72
83
74
73
63
61
85
61
86
77
55
77
62
67
74
70
65
68
77
75
66
93
79
88
73
83
72
64
100
85
63
98
92
81
81
101
97
123
110
89
102
115
117
148
155
114
153
160
162
176
199
181
193
285
193
212
381
256
303
468
387
396
572
421
562
642
565
580
784
745
800
784
709
731
664
668
714
545
418
730
455
365
623
304
223
361
210
140
184
139
90
158
100
83
108
86
85
96
77
75
77
57
67
66
85
77
69
77
81
64
72
78
77
61
58
68
72
67
75
75
73
66
76
76
65
70
78
99
67
77
74
86
100
92
92
97
90
98
99
74
77
85
88
84
78
79
80
66
67
63
73
81
95
82
66
65
67
81
70
76
55
71
57
79
47
68
63
47
73
67
62
78
55
59
74
62
66
59
69
67
88
68
66
70
82
62
68
79
84
58
74
69
73
84
85
95
82
72
77
84
91
96
86
86
90
77
77
85
87
98
79
92
94
89
88
75
83
88
87
71
92
89
88
85
84
84
78
92
76
92
106
83
92
88
105
92
99
103
75
86
69
73
81
71
65
74
68
68
67
70
59
48
52
67
75
76
52
72
64
60
63
59
69
52
64
73
71
69
59
57
62
63
81
64
63
79
78
54
69
64
68
68
70
70
63
55
64
81
70
70
75
75
52
75
79
62
67
78
76
70
69
66
88
71
75
90
60
66
69
71
89
97
89
91
70
93
81
87
85
91
90
85
104
91
112
105
105
91
110
108
105
120
102
96
117
157
112
136
161
122
151
177
178
139
241
212
167
281
303
220
313
401
261
379
505
334
375
651
425
470
735
525
615
629
782
675
648
858
623
790
840
615
921
853
766
888
969
802
865
1042
905
880
998
861
874
982
916
819
844
922
645
909
800
571
882
646
565
778
520
552
619
506
469
557
487
438
502
462
342
469
383
283
400
239
255
296
199
165
173
136
139
109
97
104
94
78
87
73
60
77
65
77
61
62
61
73
60
76
57
65
54
79
47
56
59
56
65
62
60
72
50
53
48
66
57
46
49
52
67
56
49
64
62
63
51
50
51
62
44
49
56
71
50
58
48
66
47
55
68
53
59
47
65
41
71
56
56
54
52
50
52
63
42
62
48
62
52
62
41
63
60
71
58
47
45
48
56
83
54
44
71
49
62
47
54
65
61
51
63
58
45
57
56
57
49
61
53
59
47
54
51
45
54
55
51
52
56
53
52
63
62
45
58
58
53
70
46
53
43
70
66
62
51
48
63
60
70
73
58
63
52
57
59
63
61
45
63
48
60
45
63
57
56
56
54
69
63
58
62
42
54
41
73
50
71
60
57
59
51
61
62
57
48
61
50
41
50
49
45
52
61
62
43
53
59
58
49
54
67
58
54
52
59
59
56
67
67
53
51
54
57
50
71
47
73
71
47
64
63
55
48
53
63
65
63
65
66
64
60
62
55
55
60
50
70
52
62
67
58
62
69
65
53
61
66
57
48
71
69
48
54
46
53
80
58
63
65
63
55
74
72
76
65
60
60
73
80
67
67
65
64
56
71
85
67
67
78
62
91
69
58
66
62
68
63
50
76
56
82
64
71
72
62
68
62
71
73
63
65
69
55
70
72
75
74
85
68
71
84
74
74
83
86
95
78
76
86
73
75
71
82
80
72
71
77
83
91
97
65
78
61
57
62
74
63
72
82
61
78
70
66
71
74
78
63
84
85
67
66
69
79
62
70
85
56
94
87
62
83
71
64
73
85
77
71
90
87
82
90
81
90
77
76
65
73
71
96
56
81
67
89
69
70
66
73
76
78
81
80
82
104
81
73
86
89
73
90
61
81
81
85
105
71
74
84
60
79
72
80
83
81
73
73
70
68
63
70
82
58
71
91
62
75
93
76
71
65
77
61
65
57
63
63
60
63
84
73
73
68
64
57
68
59
69
60
60
50
66
70
65
68
63
58
57
75
61
71
54
52
60
46
59
74
72
60
60
61
61
69
58
69
61
65
70
66
75
69
67
85
74
81
82
128
80
93
207
84
133
142
93
127
101
77
83
67
70
66
74
62
56
53
60
55
57
66
48
69
59
57
58
63
61
48
43
71
59
46
56
52
65
61
70
54
47
68
64
82
74
51
45
52
66
46
59
57
51
68
73
60
52
61
50
41
53
56
60
58
65
49
54
55
43
53
54
38
48
69
55
52
56
62
70
70
65
56
52
64
61
62
63
56
51
60
54
51
60
54
54
55
72
51
40
58
42
60
56
68
63
55
48
51
60
72
67
64
51
53
73
64
57
77
60
57
72
66
86
74
69
61
73
63
59
64
69
79
70
75
96
69
82
86
78
82
96
138
105
156
166
130
178
176
211
195
228
305
299
283
501
307
224
486
364
299
401
519
370
435
606
327
441
381
237
301
272
235
249
196
170
172
161
143
139
126
128
120
124
111
103
125
89
73
74
81
88
82
52
78
81
73
60
73
62
55
81
67
55
60
57
71
57
65
58
63
65
61
57
57
69
75
69
72
65
52
64
61
57
50
74
67
74
63
60
54
72
66
65
70
63
62
83
56
71
71
65
57
51
55
58
64
70
64
71
61
71
60
72
78
73
67
69
65
57
87
62
69
70
65
70
72
76
70
59
83
71
64
67
84
73
53
64
64
70
69
74
57
61
71
59
70
68
61
64
67
64
78
69
72
81
71
59
66
68
77
65
80
82
47
54
67
61
86
76
60
73
81
61
73
67
61
55
82
71
79
70
72
67
68
78
57
79
68
64
71
69
80
73
70
86
69
83
76
84
74
75
66
69
67
69
82
77
97
77
61
71
83
79
77
66
76
94
74
82
95
62
61
70
92
69
99
74
80
75
75
55
59
52
71
63
64
66
68
75
76
78
73
63
64
55
74
72
85
69
66
74
72
69
78
82
67
79
66
64
64
77
76
69
52
61
75
69
57
68
56
76
79
63
57
56
57
64
72
69
86
57
66
67
65
95
81
76
82
65
66
74
52
59
80
80
67
61
61
57
72
76
56
59
77
82
61
73
76
67
63
56
70
71
75
78
70
70
78
82
73
56
70
57
60
64
62
79
63
64
67
67
59
75
68
67
62
72
66
81
68
71
55
68
57
77
80
73
60
64
52
64
58
55
59
49
69
68
68
62
63
66
68
61
75
60
57
70
59
53
66
74
61
65
74
58
79
73
51
67
64
55
74
62
81
68
56
59
76
76
93
68
76
86
77
71
69
77
69
94
98
71
92
73
80
97
92
72
82
87
74
66
85
81
91
91
75
79
72
79
91
73
89
66
87
84
75
92
79
92
75
69
69
70
82
70
69
94
80
75
61
91
66
89
70
76
64
73
78
56
66
81
66
86
70
78
75
84
67
89
72
72
78
62
55
78
94
81
80
78
61
71
79
84
67
66
82
82
83
57
73
78
76
89
78
75
76
57
73
78
83
90
84
87
82
82
92
74
87
96
74
72
101
99
80
89
92
105
75
76
93
87
90
73
91
100
87
84
82
96
90
82
120
89
85
100
86
111
91
107
103
106
104
117
93
111
108
96
98
108
116
121
109
102
87
85
106
93
112
110
87
92
79
117
96
95
94
128
112
111
94
103
112
91
111
117
86
113
105
79
107
142
102
132
177
111
123
181
123
175
211
167
194
205
180
184
204
206
152
280
288
210
302
396
234
355
418
248
431
490
407
448
491
452
432
463
454
457
377
404
400
310
379
472
271
294
319
223
238
259
183
159
183
147
143
154
122
80
125
113
108
102
119
122
142
100
140
141
167
149
163
222
212
195
299
278
273
291
279
301
383
332
344
461
426
436
533
484
459
649
647
638
552
673
650
620
611
576
409
376
474
189
151
355
230
158
189
111
84
82
72
52
63
67
59
47
51
65
48
63
47
54
57
56
60
64
59
54
60
53
56
54
61
62
67
51
58
33
46
55
57
50
53
50
46
54
40
47
56
52
57
56
54
55
61
52
62
52
62
59
59
56
60
46
73
59
60
55
48
60
52
49
51
49
72
52
60
55
68
60
58
50
57
51
76
63
76
53
65
71
55
63
69
75
70
72
70
75
60
64
78
74
72
71
65
83
60
56
72
61
56
75
74
86
78
87
99
85
97
82
92
92
109
107
100
102
103
114
97
88
89
116
88
102
102
74
86
98
66
99
106
92
98
120
98
91
110
87
97
97
77
114
81
90
93
105
110
101
122
96
126
139
100
139
134
125
127
114
102
112
98
123
105
95
98
100
100
73
111
74
81
115
83
92
77
65
83
69
57
62
64
74
57
78
71
55
71
71
52
60
50
65
48
69
41
80
54
70
58
67
56
66
53
61
45
58
58
59
51
56
60
64
57
60
59
59
53
58
52
49
49
59
42
46
46
44
51
57
57
58
65
44
46
58
62
57
57
57
66
55
53
48
62
65
51
64
59
68
79
64
78
66
71
93
62
68
76
91
66
100
72
72
65
84
79
87
82
84
75
104
87
81
90
115
86
118
110
101
98
97
105
140
160
131
152
154
134
147
130
121
159
149
140
172
134
138
143
142
131
154
140
154
215
239
233
265
259
271
286
317
276
229
271
173
131
169
103
92
123
105
55
72
60
48
59
45
65
48
60
59
59
50
50
40
58
57
56
65
49
59
54
53
44
53
57
55
51
36
58
69
50
46
53
54
53
50
67
58
61
50
48
65
65
57
58
57
44
62
63
53
43
59
63
62
65
61
71
52
56
60
60
71
58
55
75
67
63
75
67
65
89
75
92
96
78
73
109
68
100
144
66
82
158
78
85
158
63
116
154
83
139
92
94
113
125
92
76
145
70
78
160
90
90
111
91
81
95
93
84
102
85
100
112
96
94
87
74
91
76
65
82
81
99
70
70
65
70
84
62
64
57
57
55
60
72
71
63
73
63
54
71
78
53
79
68
67
56
62
59
66
71
86
74
70
60
70
63
61
72
63
72
66
58
55
82
55
69
75
65
56
70
63
45
64
67
59
83
56
69
76
70
69
82
49
68
73
78
53
62
65
53
70
68
58
54
56
59
56
67
63
79
79
54
51
70
50
80
58
74
78
62
63
67
77
67
58
80
77
66
60
68
80
71
76
64
73
66
60
78
71
65
57
64
65
55
82
71
66
69
69
69
77
71
72
77
83
83
61
82
82
60
68
71
96
84
91
82
92
72
65
53
60
66
65
67
68
68
77
73
86
76
83
76
63
71
80
83
70
51
76
60
65
59
71
75
58
69
70
68
79
62
68
70
76
64
66
64
71
68
63
62
67
59
64
52
82
61
51
80
65
63
65
63
67
59
68
53
69
76
80
80
68
63
72
67
55
78
92
74
67
74
77
77
65
68
75
88
95
71
78
70
75
78
61
59
83
79
60
69
66
80
76
82
71
66
74
73
75
54
70
69
76
66
74
74
72
66
67
74
61
69
77
94
54
66
76
67
67
76
74
58
73
68
73
83
58
71
76
74
57
62
58
76
73
71
74
79
69
75
77
66
62
76
62
64
82
51
70
84
54
83
71
74
69
58
62
70
76
80
66
69
72
87
74
65
68
64
75
65
88
61
85
65
70
73
71
66
83
64
69
71
83
65
74
65
80
64
78
78
62
78
77
91
67
76
78
93
74
74
89
81
86
85
94
75
97
73
82
83
63
93
82
65
66
77
76
78
101
79
94
105
93
77
75
76
68
80
85
83
80
91
75
114
80
99
89
102
88
95
97
77
101
103
103
123
112
93
87
111
116
107
106
103
117
120
107
126
113
120
115
108
98
131
115
119
130
135
108
131
138
126
129
142
115
124
117
148
131
144
135
127
129
129
135
144
138
120
137
136
140
160
157
128
152
126
135
142
151
172
113
110
171
155
153
148
122
148
151
148
120
138
157
106
171
135
121
162
121
115
148
151
123
134
142
115
148
131
111
124
122
108
129
106
134
130
96
103
100
84
93
83
87
97
95
101
77
84
74
93
72
125
101
94
118
89
88
92
83
88
92
97
113
100
90
106
78
81
91
53
73
78
60
61
73
78
74
84
64
64
73
75
60
91
69
74
60
67
65
69
65
69
78
68
73
60
56
70
62
62
52
52
58
68
63
54
53
75
59
64
60
70
61
65
68
53
68
57
75
76
67
49
61
65
73
68
82
62
75
58
59
75
70
68
60
65
64
56
75
57
51
51
57
60
64
71
47
63
65
51
46
65
68
64
65
64
68
56
68
61
54
71
47
60
58
52
57
48
63
36
52
57
57
62
63
45
45
64
65
59
49
51
51
59
62
61
54
53
55
54
55
60
48
60
65
55
59
52
73
59
55
56
53
48
49
70
62
57
54
62
63
66
56
54
70
60
41
57
61
58
49
58
67
63
57
50
50
62
62
83
52
64
59
74
61
63
54
47
77
56
57
66
65
66
49
101
75
110
117
61
104
99
61
106
148
76
114
149
110
145
140
163
116
149
360
147
191
637
456
179
459
570
121
199
404
99
76
193
126
70
241
135
73
168
127
66
88
86
47
75
106
65
74
83
79
82
59
86
75
92
68
55
75
68
47
65
49
50
54
51
53
51
54
48
63
60
68
54
50
49
53
47
50
54
60
59
47
50
56
55
47
60
53
58
45
51
52
43
61
45
43
66
50
58
47
70
64
71
59
56
53
38
46
46
53
53
52
52
62
51
68
61
55
48
49
46
44
61
59
58
64
67
58
53
57
57
54
65
46
54
51
47
38
68
48
55
55
52
53
53
54
47
67
51
47
74
50
54
48
68
60
57
59
41
47
49
49
51
41
58
66
58
55
50
39
54
61
69
62
67
61
59
67
55
58
65
53
68
66
61
60
47
70
58
66
53
59
66
53
62
76
72
63
68
59
65
71
65
61
47
75
56
63
68
70
69
48
80
66
63
77
61
83
57
65
64
76
80
76
80
81
86
75
77
84
90
86
99
96
67
93
82
98
101
102
110
102
101
107
108
98
103
117
101
96
102
112
110
111
135
138
110
159
128
113
181
140
141
152
176
166
155
209
185
196
246
163
224
258
219
247
270
264
280
241
228
332
242
337
336
300
385
315
319
356
366
328
326
374
302
323
369
218
374
351
269
406
290
277
295
288
221
223
292
183
168
246
134
110
220
150
113
185
106
100
150
124
100
121
94
102
106
102
119
97
105
154
116
125
129
138
118
137
274
155
263
414
160
331
246
464
453
343
841
385
719
645
316
843
378
388
645
284
368
445
244
303
297
210
202
290
239
155
168
230
123
132
175
81
113
124
75
79
144
80
65
93
69
72
74
80
64
79
69
65
86
75
66
76
74
58
58
61
62
56
55
76
69
68
75
72
78
79
66
62
72
68
63
63
72
57
76
74
81
90
62
66
72
106
64
65
100
81
53
81
96
68
75
88
91
86
61
90
65
91
80
66
92
73
52
74
76
82
71
78
73
62
87
63
77
66
69
88
59
66
60
64
84
75
73
81
68
63
56
79
62
95
73
54
89
64
57
66
71
72
84
56
70
71
64
62
74
69
67
62
56
71
65
76
75
58
74
72
72
56
62
69
66
80
75
58
53
56
50
71
71
52
58
61
44
50
70
62
48
69
69
41
61
58
59
61
55
59
57
51
62
57
51
50
65
51
58
47
50
47
60
57
63
67
66
51
62
56
56
54
58
57
56
51
56
48
42
46
55
50
56
59
46
46
61
57
47
60
52
53
68
48
52
61
57
53
46
50
62
51
50
49
49
47
44
55
55
55
34
50
45
48
47
55
50
61
46
54
52
55
52
51
46
54
49
49
47
51
61
51
51
55
52
61
47
53
57
46
59
45
64
54
53
59
60
54
46
55
52
54
49
56
48
36
43
57
57
51
50
51
48
51
55
55
49
53
53
62
62
56
47
51
46
54
40
44
64
52
62
70
43
71
70
50
48
45
49
58
59
55
58
61
53
58
50
60
62
37
54
51
67
71
45
50
77
65
68
61
47
51
51
58
71
60
53
81
79
52
99
88
64
116
80
76
85
99
88
83
97
73
108
112
63
113
138
89
128
152
107
149
121
140
108
154
118
107
163
127
128
156
110
125
108
121
111
131
143
81
125
97
105
106
125
106
117
109
108
120
144
138
132
160
111
126
169
151
128
139
134
125
147
154
163
155
139
157
169
163
158
173
176
138
140
156
121
132
104
109
115
130
121
110
113
119
88
117
105
113
117
89
101
94
71
84
101
65
73
86
80
69
74
73
64
76
39
73
58
53
68
68
55
76
57
65
70
70
50
60
64
52
62
72
74
61
56
61
55
47
54
52
51
62
61
49
60
60
72
59
62
43
73
60
40
56
54
60
57
56
53
52
54
56
61
52
54
58
72
68
70
55
59
54
66
63
69
69
64
70
54
63
72
74
75
57
54
60
81
66
65
64
56
68
69
63
67
60
67
60
61
68
68
78
73
61
72
57
72
82
80
67
78
90
68
63
96
75
84
78
82
86
78
77
72
83
75
65
74
88
85
79
84
83
89
99
99
95
104
77
80
87
88
81
114
96
91
115
92
128
133
113
98
100
115
99
105
144
104
80
109
89
97
111
107
96
92
96
114
112
102
90
106
101
92
87
88
81
104
121
85
92
88
113
104
85
97
98
91
97
105
101
86
77
87
82
87
79
104
104
93
91
91
98
114
100
79
89
86
106
90
114
125
113
107
85
98
90
80
91
91
112
100
115
95
103
88
101
105
104
115
127
126
105
96
110
97
122
106
134
129
106
152
144
114
122
108
121
126
120
112
143
97
127
113
109
124
113
128
91
102
103
112
110
108
95
106
129
104
103
78
122
107
103
104
104
95
111
110
98
105
109
93
83
108
101
98
79
88
68
91
80
88
66
64
81
80
87
72
75
76
71
66
83
67
73
87
67
60
70
67
58
59
60
78
69
57
65
63
75
57
66
82
74
72
67
75
52
72
64
73
62
69
60
50
68
66
73
74
72
66
71
58
77
65
78
70
65
69
78
73
55
62
76
67
65
73
79
64
77
62
68
62
51
65
60
61
62
64
64
68
63
76
65
62
63
68
76
73
74
70
60
69
63
59
52
58
54
50
50
58
51
50
64
61
37
60
61
70
46
72
66
49
53
61
56
65
57
54
50
53
60
57
58
59
60
54
57
46
68
60
56
46
52
71
58
65
57
55
41
58
61
57
56
57
57
60
57
45
72
66
66
58
51
68
55
67
52
58
67
56
61
65
65
51
60
62
71
61
77
65
56
70
58
74
60
83
76
81
80
79
81
102
97
81
112
132
83
109
124
95
92
147
109
103
151
143
112
150
161
145
160
138
110
150
209
115
159
169
124
134
130
147
120
117
105
103
117
96
114
115
101
111
130
103
137
106
144
125
143
133
151
131
130
147
171
128
155
174
168
149
164
217
251
203
374
265
268
433
337
337
551
386
397
431
330
380
320
417
423
334
361
438
349
386
336
348
364
397
336
377
405
365
400
253
323
329
177
278
312
68
340
299
102
155
312
66
204
253
78
109
228
91
87
166
44
66
110
61
65
83
56
57
52
69
44
64
51
45
41
54
40
54
66
83
66
58
53
64
45
61
51
48
57
49
44
53
55
46
47
61
47
56
50
46
62
53
55
61
54
58
53
55
45
63
56
55
50
47
57
53
59
69
55
62
57
42
47
53
67
55
59
64
61
55
72
57
45
74
57
45
49
76
60
59
42
57
60
44
49
70
58
59
57
51
51
71
67
44
41
66
57
47
44
56
54
49
51
50
63
74
54
41
50
50
48
70
59
54
58
59
53
74
64
49
65
63
57
48
57
52
57
57
48
48
61
52
52
57
56
48
65
58
38
60
72
53
48
59
50
49
57
79
52
50
59
51
44
57
68
64
53
52
53
54
48
50
60
60
45
53
47
63
59
65
44
47
57
43
59
70
65
68
60
45
53
57
46
41
48
66
54
60
64
50
53
61
62
52
69
61
59
58
47
69
48
57
55
73
53
59
58
58
63
53
62
59
46
63
56
55
58
58
60
70
49
43
56
48
61
59
64
56
54
50
66
57
60
52
50
60
43
65
57
61
52
60
68
61
61
47
56
47
43
50
54
52
50
56
69
53
54
62
43
63
55
47
58
49
53
53
49
63
52
55
52
54
43
65
54
73
50
66
50
54
73
59
63
62
56
65
58
76
48
42
63
78
69
54
60
59
48
54
53
59
47
71
54
59
65
45
57
69
64
60
56
71
68
59
72
57
59
80
66
69
72
67
66
64
64
56
56
56
56
70
58
52
78
60
68
51
66
52
69
74
63
64
74
65
55
76
58
46
60
57
62
73
63
68
65
60
74
55
88
66
58
66
72
76
62
63
74
73
78
82
75
73
62
70
70
71
62
62
72
70
75
67
69
69
69
81
67
58
66
65
57
48
51
60
57
71
54
72
56
57
53
65
57
47
51
56
53
77
70
52
55
70
57
51
59
58
55
68
61
66
60
78
64
61
55
68
73
51
47
45
57
65
51
55
69
59
68
60
47
50
56
51
62
68
73
53
58
80
67
70
84
70
79
57
85
75
75
77
90
83
72
71
61
70
76
51
68
65
58
54
56
64
52
67
41
61
75
55
47
59
61
46
51
62
52
62
47
53
43
58
64
51
64
42
63
54
48
49
55
48
64
48
52
49
46
42
51
53
57
46
44
50
55
68
59
53
49
62
52
69
56
67
56
57
59
69
58
49
69
59
52
49
49
60
55
51
54
55
53
52
49
53
59
63
68
54
69
41
45
57
59
67
69
71
56
50
58
38
60
57
51
50
56
59
58
63
73
66
62
74
54
53
46
63
59
57
65
55
48
67
64
63
56
54
55
56
48
61
54
60
51
51
41
64
62
60
52
52
59
52
69
55
51
67
60
60
59
55
62
61
61
54
79
54
51
57
48
58
55
40
53
47
41
49
61
75
51
61
54
78
69
68
72
56
52
66
66
53
61
59
58
61
54
58
50
56
60
62
59
46
58
51
70
59
65
63
60
61
78
59
57
72
52
68
60
71
45
57
54
58
65
46
67
54
61
52
75
60
62
40
58
46
66
63
51
65
57
63
65
51
67
59
66
58
55
63
42
63
67
62
45
63
53
45
65
62
50
62
48
46
53
60
49
54
55
56
49
54
54
59
57
56
69
44
55
63
65
55
51
69
62
70
66
47
61
51
64
55
57
72
63
53
74
72
73
74
71
70
65
83
91
96
91
97
127
113
86
98
117
105
110
158
116
139
199
168
223
281
279
283
347
307
305
352
300
297
369
167
321
349
148
350
236
175
128
163
134
84
135
90
69
94
76
69
71
71
70
74
53
68
65
79
60
47
62
57
52
54
55
43
58
67
50
62
73
63
52
57
54
52
71
59
60
39
65
44
43
56
52
46
54
71
63
50
48
60
64
74
40
60
57
53
72
58
61
69
59
47
64
62
48
75
47
60
73
58
51
53
54
52
52
56
51
41
60
55
58
49
53
50
65
63
70
48
47
47
64
53
46
66
74
65
60
64
68
44
55
52
36
47
54
66
60
49
72
53
59
64
44
55
52
64
51
61
58
62
70
69
49
64
55
59
69
58
55
48
65
68
58
62
37
68
64
63
50
58
55
64
69
54
80
45
45
60
59
62
61
52
61
56
57
57
64
64
56
51
54
58
72
45
72
52
48
56
54
55
52
63
49
50
62
77
58
47
57
55
66
61
65
66
46
59
51
56
58
59
57
70
51
58
49
57
43
60
53
60
64
54
57
44
52
63
47
46
49
67
60
39
55
52
53
59
72
60
59
57
70
61
51
64
53
67
71
63
40
61
38
38
49
75
42
66
49
50
67
51
63
60
71
45
66
56
67
62
60
56
64
60
67
50
55
65
53
53
64
48
59
52
64
60
65
56
60
56
50
51
59
55
57
55
70
56
46
65
68
46
49
61
55
48
52
63
54
51
56
61
52
68
66
50
58
44
63
60
53
53
59
60
63
53
49
69
64
40
67
67
60
59
53
59
57
72
58
63
53
52
66
63
53
61
55
58
53
60
58
45
53
64
60
60
61
48
66
59
52
40
51
52
61
58
61
57
62
53
65
49
51
57
76
52
51
66
50
55
38
59
49
46
59
43
46
51
59
50
65
62
56
52
46
50
50
69
63
68
66
58
77
56
66
53
64
60
69
74
57
63
51
63
59
48
56
56
44
56
47
65
57
61
67
57
70
43
67
69
59
51
54
54
52
69
58
57
63
63
62
55
70
62
46
62
56
49
55
57
56
69
54
68
57
61
55
57
53
47
57
69
54
60
67
48
53
44
59
62
38
58
56
53
50
51
59
59
56
57
42
56
45
45
57
57
49
54
66
68
50
59
38
48
53
62
64
56
57
61
50
64
62
56
53
50
53
58
51
67
54
59
54
48
55
35
50
61
56
61
57
33
46
48
48
50
47
67
52
66
60
57
55
62
56
54
55
57
61
61
70
57
64
66
63
50
42
47
55
56
56
43
51
60
63
64
41
54
47
59
54
64
63
62
70
69
59
46
57
57
67
67
55
41
50
73
59
57
46
56
48
61
58
56
63
56
50
57
83
60
67
73
61
62
70
58
50
59
78
67
71
64
69
86
87
54
107
72
89
84
86
75
171
376
153
78
270
207
90
127
105
149
96
162
158
99
85
117
69
87
69
79
54
66
54
49
61
60
62
56
73
58
65
74
57
53
63
69
51
55
58
51
56
66
59
64
44
56
63
48
50
52
60
55
43
59
57
51
42
65
46
52
51
53
50
67
48
60
51
51
45
55
72
50
65
63
64
78
65
59
60
65
71
51
65
65
59
66
52
46
62
65
74
58
52
54
63
63
81
52
59
73
56
53
62
40
62
76
48
52
68
67
53
67
68
49
66
77
53
53
75
73
65
67
69
56
54
54
63
61
69
73
80
65
56
65
59
71
69
48
63
74
68
51
66
68
69
69
65
70
84
62
63
70
63
81
63
60
58
76
66
73
55
72
63
62
89
76
62
55
67
68
56
61
66
67
75
53
82
67
46
74
65
72
55
81
63
69
67
67
67
69
63
70
75
72
54
63
79
62
74
71
68
58
65
71
51
74
82
68
52
66
61
74
55
67
68
65
57
74
82
74
66
65
61
78
70
77
85
79
70
74
60
57
63
67
64
66
49
49
57
67
59
59
52
69
73
65
83
76
59
62
79
68
71
75
57
66
58
62
68
56
66
63
55
66
59
64
69
64
67
54
59
76
64
61
57
58
62
53
55
54
64
71
64
64
87
60
62
73
71
60
50
63
67
58
72
69
56
67
44
67
75
57
68
61
68
80
50
69
53
65
60
69
64
58
64
69
62
55
48
65
61
56
61
67
51
57
59
53
46
67
66
57
59
61
53
55
58
66
69
35
59
65
74
58
71
47
63
62
58
62
50
51
57
59
64
66
59
48
63
64
57
54
54
67
48
63
58
70
48
47
55
58
60
55
45
53
51
40
52
57
62
64
50
51
43
64
51
62
69
52
51
61
50
49
48
46
51
59
52
57
51
57
64
60
43
68
51
40
58
37
67
53
64
61
60
56
48
47
71
55
44
54
60
54
54
63
64
70
49
49
53
45
44
55
52
46
62
56
52
51
54
66
46
56
74
42
48
52
45
52
59
57
41
53
56
42
54
73
63
50
45
57
50
64
52
49
58
40
54
48
57
42
45
63
47
54
53
50
46
47
46
42
52
49
60
56
46
64
56
62
60
52
40
62
56
60
43
74
46
55
63
49
47
59
62
43
58
50
55
59
53
61
51
43
42
43
59
63
55
53
65
58
44
69
55
52
58
44
52
42
58
63
75
70
63
60
74
70
59
64
50
73
56
62
63
48
68
61
66
65
60
47
66
66
66
72
55
62
64
63
51
73
61
55
66
102
67
85
77
41
73
87
66
67
66
79
72
68
75
66
79
68
67
75
61
68
66
55
57
49
66
57
53
49
55
53
39
59
51
68
61
52
54
70
50
47
55
36
47
41
45
58
64
47
65
49
42
53
38
50
50
49
41
37
40
46
52
56
47
41
51
54
46
59
51
68
52
59
47
51
48
67
56
49
52
50
40
55
53
62
56
65
48
46
48
54
43
55
54
50
50
51
52
57
54
57
50
47
52
57
55
45
61
46
43
54
50
63
46
49
57
52
44
41
40
61
46
57
57
48
53
56
51
60
59
53
49
60
50
52
52
65
70
48
48
47
51
51
39
57
52
47
59
45
47
53
52
53
56
58
44
64
57
59
53
54
55
54
55
48
44
48
50
35
44
49
42
48
46
50
54
54
54
53
69
44
42
56
57
67
52
52
48
51
55
64
66
51
64
57
59
62
61
52
60
61
49
58
72
55
66
58
56
48
56
62
62
54
54
59
51
68
52
47
61
46
67
48
52
53
66
58
51
60
60
53
55
51
51
61
50
49
57
56
47
60
52
62
43
48
48
50
38
51
61
54
44
46
52
44
49
50
44
62
52
51
57
55
60
52
59
53
57
56
63
53
50
59
63
55
53
50
53
63
61
66
51
50
62
54
54
46
68
58
46
57
64
69
49
55
57
82
67
50
58
75
69
61
75
61
69
81
55
79
60
68
73
68
47
56
70
57
72
78
75
77
100
77
72
73
74
99
91
71
80
87
67
81
61
62
82
72
55
82
77
78
61
63
60
73
73
50
67
64
58
73
50
68
70
56
64
74
68
52
66
53
59
57
59
61
58
61
67
41
74
60
61
57
56
51
50
54
65
56
51
77
58
51
47
51
49
61
53
48
46
45
58
47
51
69
61
67
59
56
66
54
59
69
61
49
46
56
65
72
52
57
64
50
62
46
47
68
63
56
47
41
54
51
55
36
61
45
47
56
62
46
60
72
60
70
61
53
57
63
50
60
56
52
57
62
54
63
52
76
52
48
72
66
55
60
63
61
46
59
70
50
45
59
72
56
60
78
65
57
68
77
54
110
81
89
120
102
66
102
92
97
101
107
89
124
124
90
120
131
109
105
124
107
127
108
97
119
103
94
129
91
120
123
88
96
114
100
90
83
77
66
71
86
74
78
75
79
75
79
90
66
79
67
60
86
68
59
66
68
85
76
62
76
77
74
67
64
67
63
77
84
68
73
58
93
81
66
69
67
69
83
69
68
65
85
82
74
74
86
76
69
77
66
78
90
66
74
95
86
77
97
68
94
99
79
100
88
68
80
82
80
103
119
105
89
123
112
141
94
130
129
99
133
118
116
127
126
107
86
152
132
114
157
116
144
149
138
151
121
110
123
106
127
108
111
135
125
131
115
161
123
102
201
106
135
166
106
132
128
133
147
153
144
116
163
157
102
168
137
129
147
134
152
130
159
132
106
151
107
145
133
133
127
135
113
123
129
145
94
152
90
111
115
113
102
151
104
125
140
108
153
117
119
134
121
132
114
112
134
135
109
152
137
86
113
138
86
138
134
112
136
150
93
113
163
114
124
149
116
154
137
118
148
112
119
144
124
134
139
145
119
144
113
112
131
108
84
141
125
106
117
107
92
78
91
77
85
112
73
71
106
85
69
92
86
90
85
80
72
74
79
72
78
69
68
68
76
71
65
85
76
66
78
101
62
84
67
86
70
96
89
82
83
75
88
79
70
77
72
72
77
79
80
80
58
83
86
73
94
80
62
63
73
63
73
82
68
63
65
81
76
77
99
67
79
69
91
77
89
74
70
79
80
82
76
87
64
82
84
78
61
88
80
69
74
94
76
95
87
85
82
109
91
110
85
61
88
90
85
92
89
107
74
78
97
68
90
83
78
79
97
64
82
68
80
85
81
67
110
97
84
96
101
94
87
91
91
92
77
89
70
90
81
59
79
108
81
69
93
89
94
89
96
101
82
85
92
75
73
106
100
85
76
92
79
96
86
82
97
75
91
99
71
75
105
82
85
101
99
99
82
113
90
86
86
82
81
89
87
83
86
77
92
108
102
110
85
92
88
92
102
82
100
100
74
109
102
90
93
105
100
82
91
93
90
84
116
100
103
103
83
79
104
91
103
101
108
104
83
96
102
92
103
82
102
81
104
79
100
97
111
102
108
103
101
91
92
95
88
74
107
74
112
98
111
93
88
85
85
105
103
76
106
86
89
96
113
99
111
108
90
123
118
93
123
106
101
142
91
115
133
116
142
127
121
115
131
125
136
144
163
155
161
151
160
155
176
143
210
266
195
268
262
251
334
296
333
308
367
455
325
299
394
275
197
567
204
209
630
170
305
397
138
255
355
261
188
356
241
144
314
156
162
213
139
152
133
132
161
110
130
114
106
140
109
96
126
113
112
92
93
98
74
92
99
86
113
110
93
64
102
84
87
94
70
83
105
85
92
104
90
84
70
108
83
89
88
80
94
100
82
78
73
94
81
92
84
83
81
94
78
74
80
73
89
89
56
83
76
88
84
85
91
83
83
75
76
85
48
80
72
82
81
78
81
71
83
73
76
70
66
59
72
62
61
63
71
52
60
76
85
64
80
65
85
71
67
83
76
70
89
79
89
77
79
74
73
91
67
69
95
64
77
65
58
78
69
61
75
69
66
93
73
95
74
69
92
91
83
69
79
61
82
74
66
84
85
85
76
70
65
53
91
67
62
84
64
73
115
96
56
96
102
60
134
90
63
88
139
71
118
150
65
147
171
78
165
182
123
130
151
102
142
177
91
177
162
105
186
191
149
221
179
183
259
184
179
262
252
157
285
231
126
251
241
135
229
173
113
201
204
142
158
171
127
171
129
133
147
131
112
150
124
117
142
91
104
149
102
97
175
122
112
144
131
98
156
120
101
129
108
96
116
129
118
130
117
102
116
101
107
106
105
92
98
104
89
85
98
104
118
83
114
111
97
123
118
136
105
103
68
101
117
112
129
82
99
105
100
81
112
95
119
91
98
105
88
123
111
127
114
106
109
125
101
102
108
122
117
128
109
101
129
134
116
93
120
123
90
118
121
113
123
102
125
136
93
94
111
97
111
92
124
120
89
105
114
86
98
98
113
104
105
105
109
112
100
121
115
96
102
102
114
105
104
96
107
107
112
120
98
103
100
130
112
111
110
109
116
95
84
116
124
97
112
104
113
102
101
80
93
92
87
89
93
91
97
100
121
89
86
76
88
80
86
68
87
89
77
86
71
65
63
77
73
60
72
77
64
60
67
67
86
89
73
58
63
79
71
76
62
69
56
73
56
62
70
70
71
58
72
59
67
79
59
69
69
67
67
63
73
73
56
71
64
46
53
64
54
60
65
69
70
76
59
59
61
53
66
56
64
51
53
56
43
66
53
60
51
50
70
65
50
57
76
67
67
42
54
68
49
55
62
42
50
49
48
57
59
58
58
58
55
47
57
58
55
70
46
71
69
54
73
57
67
75
63
64
53
54
64
57
65
60
66
55
56
54
70
67
78
72
56
74
57
60
70
59
79
54
75
64
72
49
60
82
55
74
75
62
66
52
65
62
95
95
57
121
98
83
137
80
112
140
136
163
101
181
177
162
167
119
179
169
112
167
141
147
137
121
117
100
103
110
104
81
78
86
74
75
72
67
54
70
64
54
59
69
53
59
49
53
49
72
47
56
55
68
44
47
61
52
55
51
50
47
61
55
48
55
75
65
45
53
55
50
50
56
59
57
54
52
66
50
59
55
51
59
76
60
61
69
52
67
57
58
53
50
51
57
50
45
57
70
64
53
64
57
54
63
57
53
63
59
46
62
66
67
64
51
51
60
53
52
57
68
45
49
54
64
57
47
62
55
53
64
51
46
37
66
53
70
46
55
56
60
62
64
66
65
62
57
49
55
59
62
59
59
55
58
70
59
47
54
54
60
73
65
59
66
69
57
59
64
57
64
73
71
61
60
61
56
48
78
76
59
58
58
56
62
53
64
67
64
68
58
52
60
65
57
60
70
67
51
47
55
68
65
57
60
61
69
55
57
68
57
74
62
89
71
59
72
61
80
63
64
75
73
68
80
76
94
71
70
86
72
71
79
70
73
76
55
63
93
59
53
69
76
70
57
47
46
59
50
67
64
63
64
53
67
59
49
71
64
64
55
77
61
73
41
67
66
58
59
62
49
71
49
69
54
61
68
61
75
46
77
53
67
74
68
58
57
57
61
62
62
59
55
62
67
61
61
53
56
66
51
53
60
72
58
55
67
64
57
82
84
62
62
71
60
72
71
71
71
64
72
66
49
55
79
71
66
95
87
68
92
100
67
87
82
110
78
68
87
73
79
72
67
81
75
57
83
61
74
84
86
73
92
81
74
66
84
69
70
70
86
72
76
84
70
78
95
70
84
78
82
77
64
52
68
99
74
83
75
82
78
74
80
73
84
75
90
95
71
85
67
84
82
83
71
100
79
76
67
73
89
79
79
78
101
92
86
84
84
87
88
91
88
87
105
99
96
100
93
96
102
89
115
97
91
69
88
70
100
94
83
94
89
89
75
79
96
87
89
84
100
68
101
106
95
93
109
83
99
92
102
96
103
85
111
97
89
96
109
92
113
81
103
93
98
88
79
95
105
113
105
72
122
98
126
122
139
109
128
151
102
103
136
108
208
167
131
146
165
104
144
127
144
144
148
139
137
101
165
141
113
121
112
81
96
105
86
101
112
81
82
123
87
88
98
88
61
81
88
91
76
88
90
76
90
81
83
75
77
79
74
80
81
85
72
99
81
73
92
110
69
88
85
65
86
74
81
79
81
77
61
77
78
76
75
70
82
70
71
73
69
66
92
69
53
60
70
78
72
57
67
67
65
69
54
73
65
70
65
56
53
60
55
59
59
51
61
64
60
52
65
69
57
65
68
65
46
41
66
54
63
75
56
64
52
51
71
65
62
72
75
59
53
59
54
66
70
58
49
67
61
57
70
70
68
63
54
62
60
77
64
62
54
63
63
69
51
64
57
72
77
57
63
73
55
54
72
57
61
70
56
69
60
62
54
69
58
71
63
77
66
76
80
65
69
68
74
65
77
69
66
66
64
52
58
72
51
55
58
68
56
60
56
53
57
61
47
45
56
59
64
62
60
59
52
45
49
50
49
52
56
58
44
58
48
57
52
51
53
51
60
61
58
65
68
61
48
56
52
53
61
69
55
42
53
60
58
44
63
56
59
67
64
54
60
54
54
64
67
60
52
46
56
59
64
54
56
43
50
55
60
47
66
49
41
60
58
65
48
58
69
49
45
61
66
69
62
41
57
70
67
46
43
42
53
58
53
48
57
50
65
59
61
47
43
57
71
53
54
60
55
60
46
49
50
45
68
53
43
44
51
59
58
52
67
63
47
64
67
51
58
53
52
41
53
52
59
55
57
65
52
59
49
47
56
69
44
55
49
64
56
57
53
57
64
48
67
66
58
43
54
64
46
59
67
56
64
54
61
55
60
36
44
79
42
37
45
63
43
54
78
61
52
62
56
50
43
50
64
52
50
53
56
49
53
49
54
56
52
48
65
63
52
58
59
51
65
59
55
37
58
55
69
69
49
45
68
51
49
51
62
45
60
59
65
58
61
54
49
53
68
82
55
64
52
62
49
57
61
58
40
51
51
41
57
53
44
51
52
60
66
61
47
57
88
48
56
42
52
62
52
48
51
60
69
67
51
58
58
57
68
51
51
53
43
58
57
72
48
64
62
49
65
56
53
51
59
59
51
56
55
48
65
57
58
48
66
63
58
76
49
60
56
53
71
57
63
53
62
70
71
62
67
59
54
47
67
55
54
53
52
47
53
63
43
46
55
52
61
59
70
49
56
41
43
57
46
51
52
54
64
65
57
71
61
54
55
52
57
86
60
63
58
61
60
65
64
68
59
58
48
60
61
53
68
69
66
53
59
60
71
54
58
68
64
73
54
76
54
70
56
58
62
69
65
58
71
65
71
61
61
69
51
64
61
82
66
74
70
73
58
67
62
80
74
73
73
63
81
64
53
63
74
69
77
60
74
70
75
93
59
69
73
86
62
63
69
71
68
84
79
78
89
85
86
70
80
81
99
102
72
70
67
82
82
76
109
102
83
104
111
89
109
127
105
132
121
106
159
145
122
178
102
159
163
160
193
175
204
161
185
272
197
224
314
204
291
281
252
316
396
312
319
482
392
485
582
480
560
644
635
588
945
655
707
1254
627
1283
1332
1093
1626
1258
1766
1391
1570
1800
1486
2255
1625
1713
2429
1637
2130
2087
2168
2316
2121
2311
2402
2293
2261
2343
2294
2351
2143
2092
2161
2060
1971
1970
1675
1861
1685
1375
1617
1543
953
1397
1166
895
1041
1024
716
846
860
566
491
584
400
322
373
269
274
278
264
186
222
230
164
142
179
132
133
132
123
92
122
99
81
83
88
84
76
69
61
70
69
64
65
61
75
73
64
77
65
66
60
64
67
53
58
60
68
64
78
64
62
72
77
59
87
73
64
52
62
58
60
57
68
55
67
63
64
80
80
70
78
78
58
86
70
81
68
69
59
64
62
65
66
72
56
76
76
68
74
82
61
69
71
66
67
71
80
76
58
69
86
83
67
72
78
98
89
90
76
73
91
78
81
79
86
83
80
75
93
80
81
81
87
79
78
114
79
80
74
69
84
86
98
78
94
79
75
87
75
88
79
84
92
105
111
83
117
124
116
103
112
87
103
100
89
81
112
84
99
110
87
116
92
95
107
77
97
85
89
105
66
80
85
81
100
88
89
93
74
81
80
82
68
80
75
64
73
65
66
77
53
70
75
80
65
84
79
64
65
63
60
73
59
71
47
66
63
51
58
48
61
55
60
49
63
41
66
67
67
56
57
54
57
50
53
65
66
70
81
69
50
71
51
45
61
46
59
46
60
53
62
50
70
59
47
64
46
72
52
65
62
65
48
58
53
54
57
57
73
55
50
60
45
49
55
51
60
67
74
55
51
60
69
48
54
75
53
76
62
61
80
70
69
77
75
58
73
74
77
71
88
79
76
107
70
97
103
69
88
102
107
95
111
92
71
108
98
86
99
98
107
111
110
93
74
144
82
97
108
83
96
101
83
81
89
84
111
89
88
87
85
92
82
86
74
73
79
76
95
66
77
72
84
76
83
69
67
62
72
75
67
66
92
73
79
63
79
83
59
69
88
49
67
85
58
70
73
61
52
60
52
66
61
61
60
61
53
47
65
52
50
65
71
45
56
61
53
51
54
51
60
68
43
52
48
69
60
53
48
54
60
45
49
60
68
34
39
59
42
58
58
49
57
39
59
48
38
45
45
46
56
43
47
55
47
57
45
61
68
64
54
55
49
51
51
42
50
68
50
52
46
31
56
54
50
45
57
36
33
44
43
48
41
48
51
65
51
63
49
49
43
45
50
46
43
62
44
41
44
55
47
46
54
47
51
60
65
49
54
42
62
59
50
43
51
53
54
57
71
48
51
44
56
48
46
56
59
71
57
47
51
63
74
45
38
54
61
55
47
58
53
51
56
61
61
67
53
45
65
51
54
60
49
70
54
54
52
56
49
52
71
58
65
68
49
71
54
49
51
46
67
61
52
56
46
46
48
53
62
56
41
51
63
69
58
36
40
43
68
39
55
54
44
68
61
50
49
64
41
66
52
51
55
47
55
72
41
56
70
42
52
52
53
47
44
45
47
56
44
62
44
57
51
59
63
45
44
58
57
56
66
44
41
54
50
45
64
48
48
55
62
59
65
49
52
69
53
58
53
62
54
51
56
52
57
62
65
45
62
58
57
49
45
47
63
37
39
63
50
54
60
54
65
61
54
64
66
62
49
59
66
58
64
64
51
48
53
61
59
60
53
63
62
40
66
53
49
65
54
61
49
66
56
39
63
62
62
48
51
72
64
60
64
55
40
64
62
41
53
49
58
54
39
55
52
74
49
62
55
47
41
60
63
64
57
54
64
68
65
52
57
68
64
58
52
64
56
77
59
55
66
52
52
68
53
48
66
49
48
65
64
69
57
56
61
65
61
61
60
69
59
44
60
65
56
65
59
65
36
58
57
49
61
50
62
56
57
48
62
74
47
56
68
57
80
58
62
58
59
68
55
50
60
56
54
59
48
56
61
51
58
65
50
66
66
45
52
65
63
66
55
43
53
66
56
65
53
72
56
45
68
70
58
54
52
62
73
73
69
59
68
60
51
72
59
59
63
57
69
66
66
75
48
52
68
53
66
57
56
68
71
65
70
77
60
46
69
55
60
59
73
63
67
62
57
58
64
63
67
64
67
62
58
62
51
51
48
53
46
66
62
59
66
64
55
65
52
55
59
59
68
71
63
58
73
40
55
59
53
64
50
68
55
54
62
59
73
59
61
48
58
73
68
54
71
68
59
62
58
65
71
57
50
56
63
65
50
64
60
66
71
53
51
60
62
52
64
64
54
58
58
74
55
58
75
64
67
78
63
47
44
65
75
61
63
76
71
66
78
56
67
66
56
67
55
74
63
73
57
56
63
75
36
66
63
77
58
68
49
62
68
70
63
62
64
69
71
54
57
60
56
67
74
67
59
67
81
57
57
59
72
42
66
51
81
77
52
58
50
56
47
68
61
60
64
60
77
53
65
83
66
40
66
72
74
67
74
66
74
55
72
67
65
72
80
56
68
52
55
77
58
65
80
54
76
69
60
65
72
69
63
60
68
66
72
92
61
75
72
57
62
69
74
65
67
57
69
75
70
64
44
61
47
70
67
62
73
55
58
45
68
70
78
78
63
94
58
72
75
56
64
63
63
62
74
82
79
71
56
61
76
87
63
63
80
68
67
67
88
70
73
62
54
61
78
64
55
60
82
67
69
70
71
66
54
84
66
64
78
67
59
